BLACK
542.8 358.1
560.2 331
572.8 311.5
585.3 295.4
595.3 286.5
604 281.5
611.7 284.5
615.6 292
618.1 312.7
617.5 328.5
614.5 347.6
609.2 365.1
602.7 377.7
594.7 390.6
587.2 399
576.9 408.5
567.3 414.2
558.4 412.5
550 410
542.8 405.8
533.3 409.1
542.8 358.1
BLACK
540 220
548.3 219.4
547.7 331.7
544.4 354.8
537.4 400.1
536.7 404.1
501.9 433.8
491.8 435.6
480.9 434.4
468.6 429.5
459.1 422.3
455.4 415.7
455.1 409.6
456.3 404
459.9 397
467.2 388.1
476 380.1
482.9 374.2
503.2 322.1
540 220
BLACK
417.9 288.9
477.2 330.3
481.5 365.3
448.7 407.7
437.6 403.1
424.8 394.5
414.8 384.8
411.5 375.4
410.4 356.2
412.8 328.5
414.8 309.4
417.9 288.9
WHITE
416.2 237.6
417.2 245.9
417.2 256.8
418.3 266.1
418.3 274.9
419.8 288.1
420 300
425.7 311.9
433.9 321.9
447.4 331.3
460 332.1
469.4 330.4
483.4 328.6
501.3 323
516.6 314.8
532.1 303.7
539.5 291.4
545.9 271.7
543 253.2
540 240
530.9 222.8
520.7 211.6
508.1 197.8
493.4 186.9
484 183.4
472.3 184.6
455.1 197.1
450.7 203.8
416.2 237.6
BLACK
416.2 237.6
450.7 203.8
455.1 197.1
456.2 192.4
454 187.7
450.4 184.8
447 183.2
442.7 182.5
438.3 182
430.5 184.9
424.6 187.8
418.9 192.8
413.6 198.1
409.6 204.5
406.3 211.9
405 227
407.6 232.6
410.7 235.6
416.2 237.6
BLACK
509 199
515.4 196.6
521.8 196.3
528.9 199
533.7 202.4
538.4 207.4
541.8 213.5
544.5 218.9
546.9 226.7
547.9 232.8
548.2 240.6
547.5 246.3
543.8 251.4
538.8 255.8
531.6 258.5
525.9 255.5 
521.8 247.4
517.4 236.9
513.7 220.6
509 199
