WHITE
416.2 237.6
417.2 245.9
417.2 256.8
418.3 266.1
418.3 274.9
419.8 288.1
420 300
425.7 311.9
433.9 321.9
447.4 331.3
460 332.1
469.4 330.4
483.4 328.6
501.3 323
516.6 314.8
532.1 303.7
539.5 291.4
545.9 271.7
543 253.2
540 240
530.9 222.8
520.7 211.6
508.1 197.8
493.4 186.9
484 183.4
472.3 184.6
455.1 197.1
450.7 203.8
416.2 237.6
BLACK
416.2 237.6
450.7 203.8
455.1 197.1
456.2 192.4
454 187.7
450.4 184.8
447 183.2
442.7 182.5
438.3 182
430.5 184.9
424.6 187.8
418.9 192.8
413.6 198.1
409.6 204.5
406.3 211.9
405 227
407.6 232.6
410.7 235.6
416.2 237.6
BLACK
509 199
515.4 196.6
521.8 196.3
528.9 199
533.7 202.4
538.4 207.4
541.8 213.5
544.5 218.9
546.9 226.7
547.9 232.8
548.2 240.6
547.5 246.3
543.8 251.4
538.8 255.8
531.6 258.5
525.9 255.5 
521.8 247.4
517.4 236.9
513.7 220.6
509 199