REDD
11.3 420 689
11.3 420.2
13.2 393.2
15.1 364.9
19 335.9
28.6 307.6
38.3 290.3
49.9 279.3
64 267.8
80.8 268.4
96.8 278.7
111.6 297.4
121.9 322.4
126.4 343
134.1 365.5
134.1 380.3
134.8 391.3
140 390
142.1 380.5
144.2 371.3
147.7 361
151.3 347.9
153.8 338.7
156.1 329.9
161.3 332.2
165.7 333.8
171.4 337.2
176.4 339.1
182.3 342.9
187.7 345.8
193.1 348.3
196.5 349.5
200 340
205.9 324.4
209 312.9
212.5 303.7
215.6 291.8
223.3 291.3
234.1 294.1
241.9 295.6
252.2 298.9
258.4 301.2
266.9 309.6
273.9 316.3
281.8 324.5
286.7 329.2
290.8 333.8
294.3 337.4
297.8 339.7
308.2 336.4
317.1 332.9
328.1 330
338.5 325.6
347.5 323.4
356.3 320.5
365.9 314.1
376.5 307.1
388.1 298.9
397.8 292.5
406.7 285.8
416 280
422 271.8
429.8 265.6
439.4 261.8
450 260
458.6 261
467.5 263.6
475.2 267.9
481.1 273.9
486 279.9
492.9 286
503.3 293.3
511.6 299.3
519.2 304.4
526.4 310.6
534 316.7
540.6 322.2
545.5 325.8
550 330
555.5 325.1
560 320
566.5 314.2
573.7 307.4
578.3 303
583.8 297.6
590 290
597.9 292.4
606.5 295.3
615.4 298.2
621.8 300.1
629.1 296.2
636.6 292.3
643.7 288.6
651.1 285.5
659.2 287.1
666.9 289.1
671 289.2
674.7 280.8
678.8 270.4
682.4 261.4
688.7 252
690 240
694 231.1
695.4 224.8
697.5 219.4
699.6 215.2